74
9858 1411 7556 4869 3009 2440 1070 5516 8493 4514 4243 4398 7192 2415 5788 7741 5919 2733 1058 8227 7110 3624 5032 3243 8492 9651 5934 2479 645 4275 8965 6326 441 4511 7725 4929 7489 194 7947 7017 569 8774 2760 4425 9213 6894 7117 334 463 6608 3320 4434 9507 3534 4951 7308 4943 6427 1249 2612 3817 5995 7406 6269 6512 2984 6642 2419 117 1649 3448 4090 7933 1045 
3
c e v 
6642
53
4869 4929 2440 7308 2733 4243 1045 7192 6427 5788 4511 4514 8227 7110 1649 3624 8492 8493 5934 2479 645 9651 2612 6326 441 5919 7725 3009 194 569 8774 2760 6894 1058 3534 463 6608 3448 4434 334 4951 4943 1249 3817 7406 6269 6512 5032 4398 117 7017 3320 7933 
76
4434 v 4275
7489 c 3817
3624 c 4398
5934 e 8493
5995 c 2419
117 c 1411
4951 v 7117
1249 e 1411
2440 c 1058
5516 e 6642
9213 c 5995
3448 c 4425
7017 e 7556
7406 c 4943
4869 c 6608
5516 v 9651
569 v 441
8493 v 8492
4514 v 9858
2612 v 4090
2733 v 2440
7947 e 117
5032 v 4943
2415 c 9651
4434 c 7947
3817 e 1070
3817 v 4090
4929 v 3009
6608 v 7725
7192 e 8774
1058 v 7192
4243 c 9858
8774 v 7725
2984 c 7556
4275 v 7556
334 c 463
1070 v 3448
3624 e 6326
9507 c 4398
6326 v 7192
463 c 5934
7110 e 4943
6894 e 9213
117 v 4929
3448 e 1058
5788 c 4398
117 e 1249
9213 v 7947
7192 v 9651
8227 e 3534
7933 e 2419
4090 c 463
2419 e 4869
2440 e 1411
6642 v 6894
2479 v 6608
8965 v 9213
2760 c 9507
2440 v 6894
5934 v 7947
6894 v 5995
1411 v 2984
7947 c 7556
3009 v 2984
4243 e 9213
7017 v 334
1649 c 2733
7947 v 9507
8774 c 4929
3009 c 2612
569 c 6326
7933 c 7117
5032 e 7308
7406 v 4425
4514 e 1070
6894 c 3624
10
c
e
v
cc
ce
cv
ec
ee
ev
vc
74
2560 8065 7170 6019 5334 3975 904 1452 5259 524 6032 4182 1171 3476 6266 2500 1839 4892 6813 5278 31 8098 166 3880 3676 2346 4524 3885 2094 9647 6216 8884 2486 2615 901 8124 9150 8437 1603 3780 6341 2374 1992 2761 9719 8440 4178 3283 3412 1622 9943 4266 8667 7772 5242 9566 7521 6244 9957 3072 3997 6122 8555 7890 4335 1778 9971 4597 6519 1784 2324 8570 2898 6269 
3
y m w 
8884
53
3072 8065 7170 6019 1622 1992 3975 1452 5259 6032 1171 3476 4335 4892 6813 901 8098 166 3880 7772 4266 4524 3885 2094 3997 2560 8884 9647 2615 9150 1603 3780 6341 2374 6216 1784 2898 3283 4182 8570 3676 5242 7521 6122 8555 6269 1778 9971 6519 8440 2324 6266 2346 
76
3476 m 2761
8065 w 4335
8884 w 3885
6019 w 8570
5334 w 4335
5334 m 3975
9719 w 9566
4266 y 6269
1784 y 6032
4892 y 2324
3885 m 8437
6813 y 8555
9719 m 1784
1452 y 5278
1622 m 2615
9566 y 904
3412 m 2500
2898 m 166
8440 m 2761
3885 y 8440
2486 w 2324
8667 y 5242
3880 w 3885
3072 w 8570
4892 w 2500
6341 y 3997
7170 w 3476
166 w 2615
6122 w 9566
5259 m 6244
2615 w 3283
2374 y 1452
3885 w 3885
5242 y 4597
9647 w 8570
1452 m 9647
1603 w 2898
3476 y 2374
8884 y 1171
3975 y 4597
901 m 7772
4524 m 5278
8667 m 5278
2094 y 7772
31 m 4597
3997 m 9971
6244 m 7772
4178 m 9957
6244 w 166
901 w 31
8098 y 7521
2761 y 7772
5278 y 1452
5334 y 1778
4335 m 7772
1778 w 901
8065 y 8555
7890 w 3780
1778 m 1622
2346 y 524
4597 w 31
3880 m 8884
524 m 5242
904 m 901
901 y 9647
524 w 8667
6269 w 904
3997 y 9150
8098 w 2346
2500 w 4892
6244 y 6266
2094 w 2500
7170 y 5334
7772 m 1171
9943 y 8065
8098 m 5259
10
y
m
w
yy
ym
yw
my
mm
mw
wy
